=================
Выберите задание:
1 - LU-разложение
2 - Метод прогонки
3 - Метод простых итераций / Метод Зейделя
4 - Метод вращений
5 - QR-разложение (не реализовано)
=================
Ваш выбор: =================
Имя файла входных данных:
Чтение из файла...
Матрица успешно импортирована:
-4 -6 -3 
-1 5 -5 
6 2 5 
Точность успешно импортирована:
0.001

SUMM = 9
SQRT = 3
CNT: 0
-11.2801 
-1 
6 
164.241 

3 3
-0.549442 -0.137361 0.824163 
-0.137361 0.987823 0.0730634 
0.824163 0.0730634 0.561619 


3 3
7.28011 4.25818 6.45595 
8.13152e-20 5.9094 -4.16172 
0 -3.45642 -0.0297098 

===
0 
12.7554 
-3.45642 
174.648 

3 3
-0.549442 0.534673 0.642058 
-0.137361 -0.815789 0.561801 
0.824163 0.220484 0.521672 


3 3
7.28011 4.25818 6.45595 
-7.01903e-20 -6.84602 3.57735 
4.10545e-20 -4.33681e-19 -2.12682 

===
SUMM = 108.876
SQRT = 10.4344
CNT: 1
5.06434 
3.88869 
-1.75284 
43.8419 

3 3
-0.170001 -0.898394 0.404955 
-0.898394 0.310162 0.310947 
0.404955 0.310947 0.859839 


3 3
-4.32849 -6.22911 -0.444432 
3.79471e-19 0.176095 -10.3333 
-2.1684e-19 2.32465 2.65582 

===
0 
2.5074 
2.32465 
11.6911 

3 3
-0.170001 -0.335938 0.926415 
-0.898394 -0.333487 -0.285789 
0.404955 -0.88087 -0.245111 


3 3
-4.32849 -6.22911 -0.444432 
1.87558e-19 -2.33131 -1.86771 
-3.94766e-19 -1.0842e-19 10.5044 

===
SUMM = 4.49795
SQRT = 2.12084
CNT: 2
13.7503 
1.33809 
4.25379 
208.956 

3 3
-0.809671 -0.176106 -0.55984 
-0.176106 0.982862 -0.0544801 
-0.55984 -0.0544801 0.826808 


3 3
-7.59823 1.57726 2.96067 
1.89735e-19 2.19441 1.61856 
0 -9.97863 -1.00272 

===
0 
12.4115 
-9.97863 
253.618 

3 3
-0.809671 -0.508951 -0.292238 
-0.176106 -0.264307 0.948224 
-0.55984 0.819214 0.124372 


3 3
-7.59823 1.57726 2.96067 
-4.07511e-20 -10.2171 -1.32695 
1.85307e-19 0 1.36542 

===
SUMM = 16.6816
SQRT = 4.08431
CNT: 3
9.19961 
2.54217 
-0.764418 
91.6797 

3 3
-0.84627 -0.510188 0.153411 
-0.510188 0.859018 0.0423927 
0.153411 0.0423927 0.987253 


3 3
-4.98281 -5.62392 1.59655 
1.0842e-19 -1.56435 -10.5406 
-5.42101e-20 2.0741 0.376534 

===
0 
-4.16225 
2.0741 
21.6263 

3 3
-0.84627 0.429694 -0.314944 
-0.510188 -0.48342 0.711346 
0.153411 0.762671 0.628329 


3 3
-4.98281 -5.62392 1.59655 
-1.08566e-19 2.5979 6.64771 
5.39169e-20 0 -8.18859 

===
SUMM = 2.03945
SQRT = 1.42809
CNT: 4
14.7751 
-0.305585 
-1.25622 
219.975 

3 3
-0.984803 0.0410506 0.168754 
0.0410506 0.999151 -0.00349023 
0.168754 -0.00349023 0.985652 


3 3
-7.44411 -2.66533 0.78546 
2.83756e-20 3.9064 5.97917 
0 -5.86595 -5.33333 

===
0 
10.954 
-5.86595 
154.4 

3 3
-0.984803 0.117705 0.127705 
0.0410506 -0.556718 0.829686 
0.168754 0.82232 0.543426 


3 3
-7.44411 -2.66533 0.78546 
-1.57281e-20 -7.04765 -7.75324 
2.36178e-20 2.1684e-19 2.02045 

===
SUMM = 7.48129
SQRT = 2.73519
CNT: 5
14.8875 
-1.5977 
0.340959 
224.307 

3 3
-0.976203 0.212082 -0.0452596 
0.212082 0.97724 0.00485717 
-0.0452596 0.00485717 0.998963 


3 3
-7.53339 -1.81894 0.486731 
-3.5893e-20 -2.12236 -10.4064 
0 1.59109 1.17176 

===
0 
-4.7749 
1.59109 
25.3313 

3 3
-0.976203 -0.19684 0.0910012 
0.212082 -0.778998 0.590071 
-0.0452596 0.595329 0.802207 


3 3
-7.53339 -1.81894 0.486731 
2.87188e-20 2.65254 9.02927 
-2.15299e-20 -1.0842e-19 -5.3046 

===
SUMM = 1.8725
SQRT = 1.36839
CNT: 6
13.8985 
0.153895 
0.240084 
193.25 

3 3
-0.999158 -0.0221362 -0.0345337 
-0.0221362 0.999755 -0.000382383 
-0.0345337 -0.000382383 0.999403 


3 3
-6.95218 -3.1511 1.31921 
-6.86229e-21 3.23885 8.83829 
-1.35525e-20 -3.26751 -4.20896 

===
0 
7.83958 
-3.26751 
72.1357 

3 3
-0.999158 -0.00894278 -0.0400326 
-0.0221362 -0.704084 0.709772 
-0.0345337 0.71006 0.703293 


3 3
-6.95218 -3.1511 1.31921 
-4.79426e-21 -4.60074 -9.21129 
-1.44145e-20 0 3.31404 

===
SUMM = 1.06184
SQRT = 1.03046
CNT: 7
13.9546 
0.419942 
-0.114446 
194.921 

3 3
-0.998056 -0.0601283 0.0163866 
-0.0601283 0.998191 0.00049313 
0.0163866 0.00049313 0.999866 


3 3
-6.9841 -2.97421 1.65252 
-4.60276e-20 -3.4876 -9.66297 
0 2.40395 2.30874 

===
0 
-7.72343 
2.40395 
65.4304 

3 3
-0.998056 0.0588068 -0.0206324 
-0.0601283 -0.821586 0.566905 
0.0163866 0.567044 0.823525 


3 3
-6.9841 -2.97421 1.65252 
3.78971e-20 4.23584 9.26633 
-2.61219e-20 1.0842e-19 -3.58308 

===
SUMM = 0.0328002
SQRT = 0.181108
CNT: 8
14.3539 
-0.10285 
-0.0587146 
206.047 

3 3
-0.999864 0.0143296 0.00818046 
0.0143296 0.999897 -5.86155e-05 
0.00818046 -5.86155e-05 0.999967 


3 3
-7.17742 -2.9607 0.300705 
-9.03074e-22 1.81681 10.0289 
0 -2.0075 -2.95272 

===
0 
4.52436 
-2.0075 
24.4999 

3 3
-0.999864 -0.00355003 0.0161138 
0.0143296 -0.670988 0.741329 
0.00818046 0.741459 0.670948 


3 3
-7.17742 -2.9607 0.300705 
6.05975e-22 -2.70756 -8.91882 
-6.6958e-22 0 5.45457 

===
SUMM = 4.44683
SQRT = 2.10875
CNT: 9
14.274 
-0.111758 
0.0446209 
203.76 

3 3
-0.999858 0.0156579 -0.00625162 
0.0156579 0.999877 4.89472e-05 
-0.00625162 4.89472e-05 0.99998 


3 3
-7.13749 -2.3351 1.96044 
3.66462e-21 -4.76042 -8.02312 
0 4.03005 3.67245 

===
0 
-10.9976 
4.03005 
137.19 

3 3
-0.999858 -0.0159899 0.00534565 
0.0156579 -0.763103 0.646088 
-0.00625162 0.646079 0.763245 


3 3
-7.13749 -2.3351 1.96044 
-2.79694e-21 6.23722 8.49634 
2.36782e-21 -2.1684e-19 -2.38105 

===
SUMM = 0.00255374
SQRT = 0.0505345
CNT: 10
14.1755 
0.0445461 
0.0148854 
200.946 

3 3
-0.999978 -0.0062849 -0.00210015 
-0.0062849 0.99998 -6.59968e-06 
-0.00210015 -6.59968e-06 0.999998 


3 3
-7.08781 -3.16394 -0.0117329 
-7.51733e-22 0.709791 10.5147 
-8.47033e-22 -1.54499 -1.81729 

===
0 
2.41003 
-1.54499 
8.19524 

3 3
-0.999978 0.000715339 -0.00658778 
-0.0062849 -0.417463 0.908672 
-0.00210015 0.908693 0.417459 


3 3
-7.08781 -3.16394 -0.0117329 
-4.5587e-22 -1.70024 -6.04088 
-1.0367e-21 0 8.79598 

===
SUMM = 8.02695
SQRT = 2.83319
CNT: 11
14.2152 
0.0233726 
-0.0184729 
202.073 

3 3
-0.999991 -0.00328838 0.00259902 
-0.00328838 0.999995 4.2733e-06 
0.00259902 4.2733e-06 0.999997 


3 3
-7.10763 -1.26859 2.85608 
-8.40351e-22 -4.78375 -4.05742 
3.38813e-21 7.99619 3.66456 

===
0 
-14.1017 
7.99619 
262.796 

3 3
-0.999991 0.00391859 -0.00148761 
-0.00328838 -0.513387 0.858151 
0.00259902 0.858148 0.513395 


3 3
-7.10763 -1.26859 2.85608 
3.33897e-21 9.31791 5.22781 
1.0183e-21 4.33681e-19 -1.60053 

===
SUMM = 0.150719
SQRT = 0.388226
CNT: 12
14.2383 
-0.0170536 
-0.0041598 
202.731 

3 3
-0.999997 0.00239545 0.000584308 
0.00239545 0.999997 -6.99841e-07 
0.000584308 -6.99841e-07 1 


3 3
-7.11918 -3.07587 -0.363121 
-2.94882e-22 -0.29009 10.681 
0 -1.37169 -0.821483 

===
0 
-1.69212 
-1.37169 
4.74481 

3 3
-0.999997 -0.0010673 -0.00222271 
0.00239545 -0.206906 -0.978358 
0.000584308 -0.97836 0.206907 


3 3
-7.11918 -3.07587 -0.363121 
6.10132e-23 1.40203 -1.40627 
2.88501e-22 0 -10.6198 

===
SUMM = 8.70247
SQRT = 2.95
CNT: 13
14.2232 
0.0025368 
-0.00620527 
202.298 

3 3
-1 -0.000356713 0.000872558 
-0.000356713 1 1.55627e-07 
0.000872558 1.55627e-07 1 


3 3
-7.11158 -0.990597 -2.95132 
5.93068e-23 1.08539 -1.66371 
-4.23516e-22 10.3909 -2.19475 

===
0 
11.5328 
10.3909 
240.977 

3 3
-1 -0.000830777 0.000445434 
-0.000356713 -0.103891 -0.994589 
0.000872558 -0.994588 0.103891 


3 3
-7.11158 -0.990597 -2.95132 
4.15063e-22 -10.4474 2.35572 
-1.02985e-22 -4.33681e-19 1.42669 

===
SUMM = 0.45624
SQRT = 0.675455
CNT: 14
14.2187 
0.00578224 
0.00124487 
202.172 

3 3
-1 -0.000813328 -0.000175103 
-0.000813328 1 -7.12081e-08 
-0.000175103 -7.12081e-08 1 


3 3
-7.10936 -3.0429 -0.684131 
-2.0288e-22 -1.26005 10.6351 
0 -1.4195 0.148101 

===
0 
-3.15813 
-1.4195 
11.9888 

3 3
-1 0.000670885 0.000492014 
-0.000813328 -0.663855 -0.747861 
-0.000175103 -0.747861 0.663855 


3 3
-7.10936 -3.0429 -0.684131 
1.34683e-22 1.89808 -7.17092 
1.51726e-22 0 -7.85525 

===
SUMM = 3.30513
SQRT = 1.818
CNT: 15
14.2239 
-0.000288115 
0.00137548 
202.319 

3 3
-1 4.05114e-05 -0.000193404 
4.05114e-05 1 3.91753e-09 
-0.000193404 3.91753e-09 1 


3 3
-7.11195 -2.52788 -1.81724 
-3.23622e-23 4.1029 -6.17988 
0 5.87415 -5.2151 

===
0 
11.2681 
5.87415 
161.475 

3 3
-1 0.000135359 -0.000143959 
4.05114e-05 -0.572619 -0.819822 
-0.000193404 -0.819822 0.572619 


3 3
-7.11195 -2.52788 -1.81724 
1.85312e-23 -7.16515 7.81417 
2.65313e-23 4.33681e-19 2.08013 

===
SUMM = 1.06677
SQRT = 1.03285
CNT: 16
14.2244 
-0.00180156 
-0.000402306 
202.334 

3 3
-1 0.000253306 5.65656e-05 
0.000253306 1 -7.16419e-09 
5.65656e-05 -7.16419e-09 1 


3 3
-7.1122 -2.93704 -1.03016 
2.47053e-23 -2.30258 10.3489 
-5.29396e-23 -1.70517 1.19118 

===
0 
-5.1678 
-1.70517 
29.6138 

3 3
-1 -0.000237228 -0.000105291 
0.000253306 -0.803631 -0.595128 
5.65656e-05 -0.595128 0.803631 


3 3
-7.1122 -2.93704 -1.03016 
1.16519e-23 2.86522 -9.02564 
-5.72467e-23 1.0842e-19 -5.20168 

===
SUMM = 0.847873
SQRT = 0.9208
CNT: 17
14.2228 
0.000215236 
-0.000294236 
202.288 

3 3
-1 -3.02663e-05 4.13753e-05 
-3.02663e-05 1 6.26139e-10 
4.13753e-05 6.26139e-10 1 


3 3
-7.1114 -2.97503 -0.920702 
-1.63586e-23 3.06874 -8.95848 
2.64698e-23 3.09579 -4.18019 

===
0 
7.42777 
3.09579 
64.7556 

3 3
-1 -8.07742e-06 5.06233e-05 
-3.02663e-05 -0.703998 -0.710202 
4.13753e-05 -0.710202 0.703998 


3 3
-7.1114 -2.97503 -0.920702 
-7.28247e-24 -4.35902 9.27553 
3.02526e-23 2.1684e-19 3.41949 

===
SUMM = 2.14429
SQRT = 1.46434
CNT: 18
14.2229 
0.00051571 
0.000141482 
202.291 

3 3
-1 -7.25182e-05 -1.9895e-05 
-7.25182e-05 1 -7.21376e-10 
-1.9895e-05 -7.21376e-10 1 


3 3
-7.11145 -2.74805 -1.46508 
-2.7904e-24 -3.51896 9.62564 
-1.32349e-23 -2.42859 2.40729 

===
0 
-7.79461 
-2.42859 
66.654 

3 3
-1 7.09848e-05 2.48166e-05 
-7.25182e-05 -0.823025 -0.568005 
-1.9895e-05 -0.568005 0.823025 


3 3
-7.11145 -2.74805 -1.46508 
9.81405e-24 4.27564 -9.28949 
-9.30769e-24 -3.25261e-19 -3.48615 

===
SUMM = 0.125973
SQRT = 0.354927
CNT: 19
14.2234 
-0.000125247 
6.93571e-05 
202.304 

3 3
-1 1.76115e-05 -9.75256e-06 
1.76115e-05 1 8.58786e-11 
-9.75256e-06 8.58786e-11 1 


3 3
-7.11168 -3.09337 -0.355077 
-8.39249e-24 1.75757 -10.0741 
0 1.98012 -2.86919 

===
0 
4.40519 
1.98012 
23.3266 

3 3
-1 -4.3972e-06 -1.96454e-05 
1.76115e-05 -0.663828 -0.747886 
-9.75256e-06 -0.747886 0.663828 


3 3
-7.11168 -3.09337 -0.355077 
5.57117e-24 -2.64762 8.83327 
6.27663e-24 -1.0842e-19 5.6296 

===
SUMM = 4.31775
SQRT = 2.07792
CNT: 20
14.2233 
-0.000132776 
-5.4903e-05 
202.301 

3 3
-1 1.86702e-05 7.72017e-06 
1.86702e-05 1 -7.20686e-11 
7.72017e-06 -7.20686e-11 1 


3 3
-7.11163 -2.31918 -2.07774 
-3.18755e-24 -4.84867 7.84393 
0 -4.21028 3.7371 

===
0 
-11.2702 
-4.21028 
144.744 

3 3
-1 -1.9159e-05 -6.41191e-06 
1.86702e-05 -0.755064 -0.655651 
7.72017e-06 -0.655651 0.755064 


3 3
-7.11163 -2.31918 -2.07774 
2.4068e-24 6.42153 -8.3729 
2.08992e-24 0 -2.32112 

===
SUMM = 0.00232469
SQRT = 0.048215
CNT: 21
14.2231 
5.52511e-05 
-1.79195e-05 
202.298 

3 3
-1 -7.76918e-06 2.51977e-06 
-7.76918e-06 1 9.78826e-12 
2.51977e-06 9.78826e-12 1 


3 3
-7.11157 -3.11354 0.0482924 
2.94479e-24 0.641006 -10.5324 
0 1.52185 -1.7526 

===
0 
2.29235 
1.52185 
7.5709 

3 3
-1 6.93604e-07 8.13808e-06 
-7.76918e-06 -0.388173 -0.921587 
2.51977e-06 -0.921587 0.388173 


3 3
-7.11157 -3.11354 0.0482924 
-1.14309e-24 -1.65134 5.70355 
-2.71388e-24 -5.42101e-20 9.02617 

===
SUMM = 8.34103
SQRT = 2.88808
CNT: 22
14.2232 
2.72012e-05 
2.27438e-05 
202.299 

3 3
-1 -3.82491e-06 -3.19813e-06 
-3.82491e-06 1 -6.11628e-12 
-3.19813e-06 -6.11628e-12 1 


3 3
-7.11159 -1.16404 -2.88811 
-1.36607e-24 -4.61531 3.73581 
-1.65436e-24 -8.3184 3.50371 

===
0 
-14.1283 
-8.3184 
268.805 

3 3
-1 4.65222e-06 1.79299e-06 
-3.82491e-06 -0.485159 -0.874426 
-3.19813e-06 -0.874426 0.485159 


3 3
-7.11159 -1.16404 -2.88811 
2.10938e-24 9.51299 -4.87619 
3.919e-25 4.33681e-19 -1.56683 

===
SUMM = 0.146951
SQRT = 0.383341
CNT: 23
14.2232 
-2.07916e-05 
5.01094e-06 
202.3 

3 3
-1 2.92361e-06 -7.04614e-07 
2.92361e-06 1 1.03001e-12 
-7.04614e-07 1.03001e-12 1 


3 3
-7.11161 -3.09015 0.383311 
-6.15986e-25 -0.351435 -10.6841 
-8.27181e-25 1.37008 -0.760162 

===
0 
-1.76587 
1.37008 
4.99539 

3 3
-1 -1.40893e-06 2.65686e-06 
2.92361e-06 -0.248464 0.968641 
-7.04614e-07 0.968641 0.248464 


3 3
-7.11161 -3.09015 0.383311 
-6.48191e-25 1.41443 1.9183 
-8.02194e-25 0 -10.538 

===
SUMM = 8.39855
SQRT = 2.89803
CNT: 24
14.2232 
2.78358e-06 
7.42519e-06 
202.299 

3 3
-1 -3.91415e-07 -1.0441e-06 
-3.91415e-07 1 -2.04337e-13 
-1.0441e-06 -2.04337e-13 1 


3 3
-7.1116 -1.13908 2.89803 
5.51927e-26 1.50671 1.8467 
8.27181e-25 -10.2075 -2.6183 

===
0 
11.8248 
-10.2075 
244.019 

3 3
-1 -9.75748e-07 -5.39684e-07 
-3.91415e-07 -0.146026 0.989281 
-1.0441e-06 0.989281 0.146026 


3 3
-7.1116 -1.13908 2.89803 
8.10254e-25 -10.3181 -2.8599 
1.75391e-25 2.1684e-19 1.44457 

===
SUMM = 0.495168
SQRT = 0.703682
CNT: 25
14.2232 
7.02467e-06 
-1.50827e-06 
202.299 

3 3
-1 -9.87777e-07 2.12086e-07 
-9.87777e-07 1 1.04747e-13 
2.12086e-07 1.04747e-13 1 


3 3
-7.11159 -3.0333 0.703692 
6.03326e-25 -1.32254 -10.6251 
0 1.42909 0.210944 

===
0 
-3.26969 
1.42909 
12.7332 

3 3
-1 8.26574e-07 -5.80913e-07 
-9.87777e-07 -0.679218 0.733936 
2.12086e-07 0.733936 0.679218 


3 3
-7.11159 -3.0333 0.703692 
-4.0979e-25 1.94715 7.37159 
4.42803e-25 -1.0842e-19 -7.65489 

===
SUMM = 3.05651
SQRT = 1.74829
CNT: 26
14.2232 
-3.5994e-07 
-1.6235e-06 
202.299 

3 3
-1 5.06131e-08 2.28288e-07 
5.06131e-08 1 -5.77719e-15 
2.28288e-07 -5.77719e-15 1 


3 3
-7.1116 -2.57674 1.74829 
-2.51277e-26 4.08774 6.43601 
1.03398e-25 -5.6182 -5.19934 

===
0 
11.0357 
-5.6182 
153.35 

3 3
-1 1.5482e-07 1.75237e-07 
5.06131e-08 -0.588339 0.808614 
2.28288e-07 0.808614 0.588339 


3 3
-7.1116 -2.57674 1.74829 
9.83924e-26 -6.94793 -7.99081 
4.05142e-26 -2.1684e-19 2.14527 

===
SUMM = 1.11303
SQRT = 1.055
CNT: 27
14.2232 
-2.17587e-06 
4.89742e-07 
202.299 

3 3
-1 3.0596e-07 -6.88652e-08 
3.0596e-07 1 1.0535e-14 
-6.88652e-08 1.0535e-14 1 


3 3
-7.1116 -2.92968 1.055 
-3.1411e-25 -2.37375 -10.3195 
5.16988e-26 1.7347 1.26215 

===
0 
-5.31379 
1.7347 
31.2455 

3 3
-1 -2.8766e-07 1.24924e-07 
3.0596e-07 -0.807385 0.590025 
-6.88652e-08 0.590025 0.807385 


3 3
-7.1116 -2.92968 1.055 
2.84111e-25 2.94004 9.07651 
-1.43592e-25 -2.1684e-19 -5.06973 

===
SUMM = 0.768776
SQRT = 0.876799
CNT: 28
14.2232 
2.74481e-07 
3.49128e-07 
202.299 

3 3
-1 -3.85962e-08 -4.90928e-08 
-3.85962e-08 1 -9.47398e-16 
-4.90928e-08 -9.47398e-16 1 


3 3
-7.1116 -2.98786 0.876799 
3.13688e-26 2.98163 9.06294 
-2.58494e-26 -2.99127 -4.09322 

===
0 
7.20511 
-2.99127 
60.8613 

3 3
-1 -7.52227e-09 -6.19934e-08 
-3.85962e-08 -0.705964 0.708248 
-4.90928e-08 0.708248 0.705964 


3 3
-7.1116 -2.98786 0.876799 
-4.0453e-26 -4.22348 -9.29712 
3.96811e-27 0 3.52913 

===
SUMM = 2.24147
SQRT = 1.49715
CNT: 29
14.2232 
6.19432e-07 
-1.73255e-07 
202.299 

3 3
-1 -8.71017e-08 2.43623e-08 
-8.71017e-08 1 1.061e-15 
2.43623e-08 1.061e-15 1 


3 3
-7.1116 -2.73031 1.49716 
-3.42612e-26 -3.60304 -9.55471 
0 2.4995 2.49144 

===
0 
-7.98817 
2.4995 
70.0584 

3 3
-1 8.54534e-08 -2.96302e-08 
-8.71017e-08 -0.821649 0.569994 
2.43623e-08 0.569994 0.821649 


3 3
-7.1116 -2.73031 1.49716 
2.81507e-26 4.38513 9.27072 
-1.95287e-26 -2.1684e-19 -3.39904 

===
SUMM = 0.106358
SQRT = 0.326125
CNT: 30
14.2232 
-1.56096e-07 
-8.28084e-08 
202.299 

3 3
-1 2.19495e-08 1.16441e-08 
2.19495e-08 1 -1.27792e-16 
1.16441e-08 -1.27792e-16 1 


3 3
-7.1116 -3.09673 0.326126 
9.83319e-27 1.68122 10.1168 
0 -1.93743 -2.79281 

===
0 
4.24639 
-1.93743 
21.7855 

3 3
-1 -5.59113e-09 2.42097e-08 
2.19495e-08 -0.6554 0.755282 
1.16441e-08 0.755282 0.6554 


3 3
-7.1116 -3.09673 0.326126 
-6.44467e-27 -2.56518 -8.7399 
7.42683e-27 0 5.81061 

===
SUMM = 4.5163
SQRT = 2.12516
CNT: 31
14.2232 
-1.58073e-07 
6.76595e-08 
202.299 

3 3
-1 2.22275e-08 -9.51397e-09 
2.22275e-08 1 1.05736e-16 
-9.51397e-09 1.05736e-16 1 


3 3
-7.1116 -2.27591 2.12516 
6.67742e-27 -4.91987 -7.66556 
0 4.38864 3.80827 

===
0 
-11.5127 
4.38864 
151.802 

3 3
-1 -2.29204e-08 7.69642e-09 
2.22275e-08 -0.746246 0.66567 
-9.51397e-09 0.66567 0.746246 


3 3
-7.1116 -2.27591 2.12516 
-4.983e-27 6.59282 8.25545 
4.44496e-27 4.33681e-19 -2.26083 

===
SUMM = 0.00502467
SQRT = 0.0708849
CNT: 32
14.2232 
6.79999e-08 
2.15094e-08 
202.299 

3 3
-1 -9.56184e-09 -3.02456e-09 
-9.56184e-09 1 -1.44602e-17 
-3.02456e-09 -1.44602e-17 1 


3 3
-7.1116 -3.11305 -0.070885 
-8.37074e-28 0.575536 10.5492 
-1.61559e-27 -1.50496 -1.68713 

===
0 
2.1868 
-1.50496 
7.047 

3 3
-1 5.90429e-10 -1.00114e-08 
-9.56184e-09 -0.357196 0.934029 
-3.02456e-09 0.934029 0.357196 


3 3
-7.1116 -3.11305 -0.070885 
-1.21001e-27 -1.61126 -5.34398 
-1.35893e-27 -1.0842e-19 9.25066 

===
SUMM = 8.60246
SQRT = 2.933
CNT: 33
14.2232 
3.15698e-08 
-2.79792e-08 
202.299 

3 3
-1 -4.4392e-09 3.9343e-09 
-4.4392e-09 1 8.73257e-18 
3.9343e-09 8.73257e-18 1 


3 3
-7.1116 -1.04576 2.933 
1.23923e-27 -4.4159 -3.41382 
1.61559e-27 8.64039 3.3043 

===
0 
-14.1193 
8.64039 
274.012 

3 3
-1 5.52351e-09 -2.16242e-09 
-4.4392e-09 -0.455087 0.890447 
3.9343e-09 0.890447 0.455087 


3 3
-7.1116 -1.04576 2.933 
8.74636e-28 9.70343 4.49589 
1.8387e-27 4.33681e-19 -1.53608 

===
SUMM = 0.162871
SQRT = 0.403573
CNT: 34
14.2232 
-2.53873e-08 
-6.0434e-09 
202.299 

3 3
-1 3.56984e-09 8.49794e-10 
3.56984e-09 1 -1.51682e-18 
8.49794e-10 -1.51682e-18 1 


3 3
-7.1116 -3.08759 -0.403573 
2.70437e-27 -0.412548 10.6864 
0 -1.3678 -0.699049 

===
0 
-1.84121 
-1.3678 
5.26091 

3 3
-1 -1.84444e-09 -3.17237e-09 
3.56984e-09 -0.288766 -0.9574 
8.49794e-10 -0.9574 0.288766 


3 3
-7.1116 -3.08759 -0.403573 
-7.8093e-28 1.42866 -2.41661 
-2.58916e-27 0 -10.433 

===
SUMM = 8.06286
SQRT = 2.83952
CNT: 35
14.2232 
3.04647e-09 
-8.86593e-09 
202.299 

3 3
-1 -4.2838e-10 1.24669e-09 
-4.2838e-10 1 2.67028e-19 
1.24669e-09 2.67028e-19 1 


3 3
-7.1116 -1.27797 -2.83952 
2.57882e-28 1.90111 -2.06563 
-8.07794e-28 9.98858 -3.01271 

===
0 
12.069 
9.98858 
245.432 

3 3
-1 -1.14461e-09 6.53921e-10 
-4.2838e-10 -0.186972 -0.982365 
1.24669e-09 -0.982365 0.186972 


3 3
-7.1116 -1.27797 -2.83952 
7.45332e-28 -10.1679 3.34579 
-4.04369e-28 -3.25261e-19 1.46591 

===
SUMM = 0.524937
SQRT = 0.724525
CNT: 36
14.2232 
8.52687e-09 
1.82753e-09 
202.299 

3 3
-1 -1.19901e-09 -2.56979e-10 
-1.19901e-09 1 -1.5406e-19 
-2.56979e-10 -1.5406e-19 1 


3 3
-7.1116 -3.02839 -0.724525 
-1.08934e-27 -1.38568 10.6141 
-2.01948e-28 -1.44006 0.274085 

===
0 
-3.38415 
-1.44006 
13.5263 

3 3
-1 1.01653e-09 6.85802e-10 
-1.19901e-09 -0.69337 -0.720581 
-2.56979e-10 -0.720581 0.69337 


3 3
-7.1116 -3.02839 -0.724525 
9.00839e-28 1.99847 -7.55704 
6.44936e-28 -5.42101e-20 -7.45831 

===
SUMM = 2.82185
SQRT = 1.67984
CNT: 37
14.2232 
-4.54185e-10 
1.91663e-09 
202.299 

3 3
-1 6.38655e-11 -2.69508e-10 
6.38655e-11 1 8.60612e-21 
-2.69508e-10 8.60612e-21 1 


3 3
-7.1116 -2.62187 -1.67984 
4.17383e-29 4.05978 -6.67989 
-2.01948e-28 5.37432 -5.17137 

===
0 
10.7951 
5.37432 
145.418 

3 3
-1 1.76552e-10 -2.13407e-10 
6.38655e-11 -0.602756 -0.797926 
-2.69508e-10 -0.797926 0.602756 


3 3
-7.1116 -2.62187 -1.67984 
1.35982e-28 -6.73536 8.15271 
-1.5503e-28 -2.1684e-19 2.21298 

===
SUMM = 1.16539
SQRT = 1.07953
CNT: 38
14.2232 
-2.62738e-09 
-5.96416e-10 
202.299 

3 3
-1 3.6945e-10 8.38652e-11 
3.6945e-10 1 -1.5492e-20 
8.38652e-11 -1.5492e-20 1 


3 3
-7.1116 -2.92073 -1.07953 
2.11188e-28 -2.44548 10.2884 
5.04871e-29 -1.7658 1.33389 

===
0 
-5.46184 
-1.7658 
32.9498 

3 3
-1 -3.48623e-10 -1.48285e-10 
3.6945e-10 -0.81074 -0.585406 
8.38652e-11 -0.585406 0.81074 


3 3
-7.1116 -2.92073 -1.07953 
-2.00774e-28 3.01636 -9.1221 
-8.26989e-29 0 -4.94146 

===
SUMM = 0.69655
SQRT = 0.834596
CNT: 39
14.2232 
3.49366e-10 
-4.14417e-10 
202.299 

3 3
-1 -4.91263e-11 5.82734e-11 
-4.91263e-11 1 1.43138e-21 
5.82734e-11 1.43138e-21 1 


3 3
-7.1116 -2.99992 -0.834596 
2.46504e-29 2.89465 -9.16144 
-5.04871e-29 2.89276 -4.00624 

===
0 
6.98696 
2.89276 
57.1857 

3 3
-1 -6.44331e-12 7.59451e-11 
-4.91263e-11 -0.707337 -0.706877 
5.82734e-11 -0.706877 0.707337 


3 3
-7.1116 -2.99992 -0.834596 
1.8252e-29 -4.09232 9.31215 
-5.31361e-29 2.1684e-19 3.64225 

===
SUMM = 2.34161
SQRT = 1.53023
CNT: 40
14.2232 
7.43691e-10 
2.12246e-10 
202.299 

3 3
-1 -1.04574e-10 -2.98451e-11 
-1.04574e-10 1 -1.56052e-21 
-2.98451e-11 -1.56052e-21 1 


3 3
-7.1116 -2.71191 -1.53023 
-5.08183e-29 -3.68789 9.47959 
0 -2.57462 2.5763 

===
0 
-8.18558 
-2.57462 
73.6325 

3 3
-1 1.0283e-10 3.53901e-11 
-1.04574e-10 -0.819953 -0.572431 
-2.98451e-11 -0.572431 0.819953 


3 3
-7.1116 -2.71191 -1.53023 
4.16686e-29 4.49769 -9.24757 
2.909e-29 -2.1684e-19 -3.31397 

===
SUMM = 0.0886039
SQRT = 0.297664
CNT: 41
14.2232 
-1.94349e-10 
9.89058e-11 
202.299 

3 3
-1 2.73284e-11 -1.39077e-11 
2.73284e-11 1 1.90038e-22 
-1.39077e-11 1.90038e-22 1 


3 3
-7.1116 -3.09959 -0.297664 
1.26406e-29 1.6057 -10.1572 
0 1.89702 -2.7173 

===
0 
4.09106 
1.89702 
20.3355 

3 3
-1 -7.04053e-12 -2.98446e-11 
2.73284e-11 -0.646067 -0.763281 
-1.39077e-11 -0.763281 0.646067 


3 3
-7.1116 -3.09959 -0.297664 
-8.16665e-30 -2.48535 8.63628 
-9.64831e-30 0 5.99723 

===
SUMM = 4.72431
SQRT = 2.17355
CNT: 42
14.2232 
-1.88032e-10 
-8.34075e-11 
202.299 

3 3
-1 2.64401e-11 1.17284e-11 
2.64401e-11 1 -1.5505e-22 
1.17284e-11 -1.5505e-22 1 


3 3
-7.1116 -2.22974 -2.17355 
-1.26088e-29 -4.98621 7.47664 
0 -4.57757 3.87461 

===
0 
-11.755 
-4.57757 
159.134 

3 3
-1 -2.74087e-11 -9.24116e-12 
2.64401e-11 -0.736648 -0.676277 
1.17284e-11 -0.676277 0.736648 


3 3
-7.1116 -2.22974 -2.17355 
9.28827e-30 6.76878 -8.12796 
8.52707e-30 2.1684e-19 -2.20206 

===
SUMM = 0.00868901
SQRT = 0.0932149
CNT: 43
14.2232 
8.36396e-11 
-2.58266e-11 
202.299 

3 3
-1 -1.1761e-11 3.63161e-12 
-1.1761e-11 1 2.13557e-23 
3.63161e-12 2.13557e-23 1 


3 3
-7.1116 -3.11246 0.0932149 
6.31034e-30 0.510542 -10.565 
-1.57772e-30 1.4892 -1.62214 

===
0 
2.08482 
1.4892 
6.56421 

3 3
-1 3.78777e-13 1.23031e-11 
-1.1761e-11 -0.324301 -0.945954 
3.63161e-12 -0.945954 0.324301 


3 3
-7.1116 -3.11246 0.0932149 
-5.53998e-31 -1.57428 4.96071 
-6.48094e-30 2.71051e-20 9.46795 

===
SUMM = 8.84747
SQRT = 2.97447
CNT: 44
14.2232 
3.65306e-11 
3.43839e-11 
202.299 

3 3
-1 -5.13676e-12 -4.83491e-12 
-5.13676e-12 1 -1.24179e-23 
-4.83491e-12 -1.24179e-23 1 


3 3
-7.1116 -0.921196 -2.97447 
3.15502e-30 -4.18206 3.09796 
0 -8.95624 3.07047 

===
0 
-14.0666 
-8.95624 
278.083 

3 3
-1 6.55417e-12 2.60874e-12 
-5.13676e-12 -0.423092 -0.906087 
-4.83491e-12 -0.906087 0.423092 


3 3
-7.1116 -0.921196 -2.97447 
-1.33486e-30 9.88453 -4.09283 
-2.85872e-30 1.0842e-18 -1.50794 

===
SUMM = 0.179598
SQRT = 0.42379
CNT: 45
14.2232 
-3.0986e-11 
7.29072e-12 
202.299 

3 3
-1 4.35711e-12 -1.02519e-12 
4.35711e-12 1 2.23343e-24 
-1.02519e-12 2.23343e-24 1 


3 3
-7.1116 -3.08488 0.42379 
3.15546e-30 -0.473602 -10.6879 
0 1.36632 -0.637995 

===
0 
-1.91968 
1.36632 
5.55199 

3 3
-1 -2.39564e-12 3.78104e-12 
4.35711e-12 -0.327509 0.944848 
-1.02519e-12 0.944848 0.327509 


3 3
-7.1116 -3.08488 0.42379 
-1.03344e-30 1.44607 2.89757 
2.98143e-30 -1.0842e-19 -10.3074 

===
SUMM = 7.70588
SQRT = 2.77595
CNT: 46
14.2232 
3.33014e-12 
1.0567e-11 
202.299 

3 3
-1 -4.68269e-13 -1.48588e-12 
-4.68269e-13 1 -3.47897e-25 
-1.48588e-12 -3.47897e-25 1 


3 3
-7.1116 -1.41074 2.77595 
-3.67623e-36 2.26416 2.3153 
-7.88861e-31 -9.73891 -3.37576 

===
0 
12.2628 
-9.73891 
245.223 

3 3
-1 -1.34125e-12 -7.92579e-13 
-4.68269e-13 -0.226447 0.974023 
-1.48588e-12 0.974023 0.226447 


3 3
-7.1116 -1.41074 2.77595 
-7.68368e-31 -9.99864 -3.81236 
-1.78639e-31 -2.1684e-19 1.49073 

===
SUMM = 0.555758
SQRT = 0.745491
CNT: 47
14.2232 
1.03468e-11 
-2.21505e-12 
202.299 

3 3
-1 -1.45492e-12 3.11469e-13 
-1.45492e-12 1 2.26581e-25 
3.11469e-13 2.26581e-25 1 


3 3
-7.1116 -3.0233 0.745491 
-5.01887e-37 -1.44917 -10.6022 
0 1.452 0.337571 

===
0 
-3.50061 
1.452 
14.3626 

3 3
-1 1.24823e-12 -8.09759e-13 
-1.45492e-12 -0.706416 0.707797 
3.11469e-13 0.707797 0.706416 


3 3
-7.1116 -3.0233 0.745491 
3.54541e-37 2.05144 7.72849 
-3.55234e-37 1.0842e-19 -7.26575 

===
SUMM = 2.60259
SQRT = 1.61325
CNT: 48
14.2232 
-5.77481e-13 
-2.26306e-12 
202.299 

3 3
-1 8.12027e-14 3.18221e-13 
8.12027e-14 1 -1.29202e-26 
3.18221e-13 -1.29202e-26 1 


3 3
-7.1116 -2.66336 1.61325 
2.92391e-38 4.02104 6.91153 
1.97215e-31 -5.14268 -5.13264 

===
0 
10.5491 
-5.14268 
137.731 

3 3
-1 2.0067e-13 2.59981e-13 
8.12027e-14 -0.61596 0.787777 
3.18221e-13 0.787777 0.61596 


3 3
-7.1116 -2.66336 1.61325 
1.55362e-31 -6.52808 -8.3006 
1.21477e-31 -2.1684e-19 2.28325 

===
SUMM = 1.21978
SQRT = 1.10443
CNT: 49
14.2232 
-3.17152e-12 
7.26577e-13 
202.299 

3 3
-1 4.45965e-13 -1.02168e-13 
4.45965e-13 1 2.27816e-26 
-1.02168e-13 2.27816e-26 1 


3 3
-7.1116 -2.91141 1.10443 
1.65526e-38 -2.51799 -10.2555 
0 1.79869 1.40639 

===
0 
-5.61242 
1.79869 
34.7346 

3 3
-1 -4.22274e-13 1.76089e-13 
4.45965e-13 -0.813714 0.581266 
-1.02168e-13 0.581266 0.813714 


3 3
-7.1116 -2.91141 1.10443 
-1.34691e-38 3.09444 9.16254 
9.62147e-39 -1.0842e-19 -4.81678 

===
SUMM = 0.629814
SQRT = 0.793608
CNT: 50
14.2232 
4.43893e-13 
4.9212e-13 
202.299 

3 3
-1 -6.24182e-14 -6.91997e-14 
-6.24182e-14 1 -2.15966e-27 
-6.91997e-14 -2.15966e-27 1 


3 3
-7.1116 -3.01102 0.793608 
2.46519e-32 2.80789 9.25438 
4.93038e-32 -2.79983 -3.91948 

===
0 
6.77314 
-2.79983 
53.7145 

3 3
-1 -4.66159e-15 -9.30747e-14 
-6.24182e-14 -0.708122 0.70609 
-6.91997e-14 0.70609 0.708122 


3 3
-7.1116 -3.01102 0.793608 
1.73564e-32 -3.96526 -9.32073 
5.23196e-32 2.1684e-19 3.75896 

===
SUMM = 2.44636
SQRT = 1.56408
CNT: 51
14.2232 
8.92496e-13 
-2.60119e-13 
202.299 

3 3
-1 -1.25499e-13 3.65767e-14 
-1.25499e-13 1 2.29516e-27 
3.65767e-14 2.29516e-27 1 


3 3
-7.1116 -2.69253 1.56408 
4.93038e-32 -3.7734 -9.40004 
-2.46519e-32 2.65416 2.6618 

===
0 
-8.38676 
2.65416 
77.3823 

3 3
-1 1.23692e-13 -4.22849e-14 
-1.25499e-13 -0.817928 0.575321 
3.65767e-14 0.575321 0.817928 


3 3
-7.1116 -2.69253 1.56408 
-5.45097e-32 4.61336 9.21995 
8.20204e-33 -2.1684e-19 -3.23088 

===
SUMM = 0.0727714
SQRT = 0.269762
CNT: 52
14.2232 
-2.41736e-13 
-1.18175e-13 
202.299 

3 3
-1 3.39918e-14 1.66172e-14 
3.39918e-14 1 -2.82424e-28 
1.66172e-14 -2.82424e-28 1 


3 3
-7.1116 -3.10214 0.269762 
3.33755e-41 1.53103 10.1954 
0 -1.85879 -2.64263 

===
0 
3.93918 
-1.85879 
18.9723 

3 3
-1 -8.78453e-15 3.68022e-14 
3.39918e-14 -0.635772 0.771877 
1.66172e-14 0.771877 0.635772 


3 3
-7.1116 -3.10214 0.269762 
-2.12192e-41 -2.40815 -8.52174 
2.57618e-41 -1.0842e-19 6.1895 

===
SUMM = 4.94159
SQRT = 2.22297
CNT: 53
14.2232 
-2.23465e-13 
1.02852e-13 
202.299 

3 3
-1 3.14226e-14 -1.44626e-14 
3.14226e-14 1 2.27227e-28 
-1.44626e-14 2.27227e-28 1 


3 3
-7.1116 -2.18048 2.22297 
2.33708e-41 -5.0467 -7.27667 
0 4.77753 3.93511 

===
0 
-11.9961 
4.77753 
166.731 

3 3
-1 -3.2762e-14 1.10994e-14 
3.14226e-14 -0.726208 0.687475 
-1.44626e-14 0.687475 0.726208 


3 3
-7.1116 -2.18048 2.22297 
-1.6972e-41 6.94939 7.98967 
1.60668e-41 -2.1684e-19 -2.14483 

===
SUMM = 0.0132971
SQRT = 0.115313
CNT: 54
14.2232 
1.02816e-13 
3.10198e-14 
202.299 

3 3
-1 -1.44576e-14 -4.36186e-15 
-1.44576e-14 1 -3.1531e-29 
-4.36186e-15 -3.1531e-29 1 


3 3
-7.1116 -3.11172 -0.115313 
-9.78084e-43 0.445992 10.5797 
3.08149e-33 -1.47451 -1.55759 

===
0 
1.98648 
-1.47451 
6.12029 

3 3
-1 1.0609e-17 -1.51012e-14 
-1.44576e-14 -0.289514 0.957174 
-4.36186e-15 0.957174 0.289514 


3 3
-7.1116 -3.11172 -0.115313 
2.94952e-33 -1.54049 -4.55385 
8.92133e-34 5.42101e-20 9.67566 

===
SUMM = 9.07117
SQRT = 3.01184
CNT: 55
14.2232 
4.2135e-14 
-4.22039e-14 
202.299 

3 3
-1 -5.92482e-15 5.93452e-15 
-5.92482e-15 1 1.75805e-29 
5.93452e-15 1.75805e-29 1 


3 3
-7.1116 -0.79051 3.01184 
-7.41964e-43 -3.91283 -2.79292 
0 9.26129 2.80124 

===
0 
-13.9668 
9.26129 
280.842 

3 3
-1 7.77248e-15 -3.14809e-15 
-5.92482e-15 -0.389184 0.92116 
5.93452e-15 0.92116 0.389184 


3 3
-7.1116 -0.79051 3.01184 
2.88761e-43 10.0539 3.66735 
-6.83468e-43 4.33681e-19 -1.48253 

===
SUMM = 0.197112
SQRT = 0.443973
CNT: 56
14.2232 
-3.78039e-14 
-8.79807e-15 
202.299 

3 3
-1 5.31581e-15 1.23714e-15 
5.31581e-15 1 -3.28821e-30 
1.23714e-15 -3.28821e-30 1 


3 3
-7.1116 -3.08204 -0.443973 
2.89299e-44 -0.534622 10.6886 
0 -1.36564 -0.576975 

===
0 
-2.00118 
-1.36564 
5.86972 

3 3
-1 -3.08985e-15 -4.49903e-15 
5.31581e-15 -0.364541 -0.931187 
1.23714e-15 -0.931187 0.364541 


3 3
-7.1116 -3.08204 -0.443973 
-1.05462e-44 1.46656 -3.35915 
-2.69392e-44 1.6263e-19 -10.1634 

===
SUMM = 7.33385
SQRT = 2.70811
CNT: 57
14.2232 
3.64022e-15 
-1.25736e-14 
202.299 

3 3
-1 -5.11871e-16 1.76804e-15 
-5.11871e-16 1 4.52503e-31 
1.76804e-15 4.52503e-31 1 


3 3
-7.1116 -1.53695 -2.70811 
-5.68958e-45 2.59337 -2.59019 
0 9.46402 -3.70497 

===
0 
12.4063 
9.46402 
243.484 

3 3
-1 -1.5699e-15 9.60932e-16 
-5.11871e-16 -0.264282 -0.964445 
1.76804e-15 -0.964445 0.264282 


3 3
-7.1116 -1.53695 -2.70811 
1.50365e-45 -9.81291 4.25778 
5.48729e-45 6.50521e-19 1.51894 

===
SUMM = 0.587678
SQRT = 0.766602
CNT: 58
14.2232 
1.25509e-14 
2.68555e-15 
202.299 

3 3
-1 -1.76484e-15 -3.77629e-16 
-1.76484e-15 1 -3.33228e-31 
-3.77629e-16 -3.33228e-31 1 


3 3
-7.1116 -3.01801 -0.766602 
7.70372e-34 -1.51303 10.5893 
1.92593e-34 -1.46494 0.401429 

===
0 
-3.61904 
-1.46494 
15.2435 

3 3
-1 1.5306e-15 9.5632e-16 
-1.76484e-15 -0.718432 -0.695597 
-3.77629e-16 -0.695597 0.718432 


3 3
-7.1116 -3.01801 -0.766602 
-6.87427e-34 2.10601 -7.8869 
-3.97504e-34 0 -7.07747 

===
SUMM = 2.39807
SQRT = 1.54857
CNT: 59
14.2232 
-7.38459e-16 
2.67266e-15 
202.299 

3 3
-1 1.03839e-16 -3.75817e-16 
1.03839e-16 1 1.95122e-32 
-3.75817e-16 1.95122e-32 1 


3 3
-7.1116 -2.70148 -1.54857 
5.21493e-47 3.97308 -7.13114 
1.92593e-34 4.92307 -5.08468 

===
0 
10.2994 
4.92307 
130.314 

3 3
-1 2.27244e-16 -3.1683e-16 
1.03839e-16 -0.628027 -0.778192 
-3.75817e-16 -0.778192 0.628027 


3 3
-7.1116 -2.70148 -1.54857 
-1.49874e-34 -6.32629 8.4354 
1.20954e-34 2.1684e-19 2.35608 

===
SUMM = 1.27628
SQRT = 1.12973
CNT: 60
14.2232 
-3.82708e-15 
-8.85453e-16 
202.299 

3 3
-1 5.38146e-16 1.24508e-16 
5.38146e-16 1 -3.35019e-32 
1.24508e-16 -3.35019e-32 1 


3 3
-7.1116 -2.90169 -1.12973 
2.96643e-47 -2.59128 10.2207 
0 -1.83348 1.47968 

===
0 
-5.7656 
-1.83348 
36.6038 

3 3
-1 -5.11217e-16 -2.09192e-16 
5.38146e-16 -0.816323 -0.577596 
1.24508e-16 -0.577596 0.816323 


3 3
-7.1116 -2.90169 -1.12973 
-2.42157e-47 3.17433 -9.19807 
-1.7134e-47 1.0842e-19 -4.69555 

===
SUMM = 0.568185
SQRT = 0.75378
CNT: 61
14.2232 
5.63017e-16 
-5.84636e-16 
202.299 

3 3
-1 -7.91688e-17 8.22088e-17 
-7.91688e-17 1 3.25419e-33 
8.22088e-17 3.25419e-33 1 


3 3
-7.1116 -3.02124 -0.75378 
4.81482e-35 2.72149 -9.34207 
-4.81482e-35 2.71213 -3.83309 

===
0 
6.56365 
2.71213 
50.4372 

3 3
-1 -1.95304e-18 1.14115e-16 
-7.91688e-17 -0.708324 -0.705888 
8.22088e-17 -0.705888 0.708324 


3 3
-7.1116 -3.02124 -0.75378 
-1.17277e-37 -3.84216 9.32294 
-6.80918e-35 -4.33681e-19 3.87939 

===
SUMM = 2.55596
SQRT = 1.59874
CNT: 62
14.2232 
1.07061e-15 
3.1892e-16 
202.299 

3 3
-1 -1.50544e-16 -4.48451e-17 
-1.50544e-16 1 -3.37557e-33 
-4.48451e-17 -3.37557e-33 1 


3 3
-7.1116 -2.6721 -1.59874 
-1.07654e-48 -3.85946 9.31579 
-2.40741e-35 -2.73841 2.74786 

===
0 
-8.59173 
-2.73841 
81.3167 

3 3
-1 1.48728e-16 5.0541e-17 
-1.50544e-16 -0.815563 -0.578669 
-4.48451e-17 -0.578669 0.815563 


3 3
-7.1116 -2.6721 -1.59874 
1.39309e-35 4.73227 -9.18772 
-1.9634e-35 2.1684e-19 -3.1497 

===
SUMM = 0.0587533
SQRT = 0.242391
CNT: 63
14.2232 
-3.0039e-16 
1.41249e-16 
202.299 

3 3
-1 4.22394e-17 -1.98617e-17 
4.22394e-17 1 4.19474e-34 
-1.98617e-17 4.19474e-34 1 


3 3
-7.1116 -3.1044 -0.242391 
-2.40741e-35 1.45718 -10.2316 
0 1.82263 -2.56878 

===
0 
3.79072 
1.82263 
17.6915 

3 3
-1 -1.08633e-17 -4.53943e-17 
4.22394e-17 -0.624453 -0.781062 
-1.98617e-17 -0.781062 0.624453 


3 3
-7.1116 -3.1044 -0.242391 
1.50332e-35 -2.33353 8.39552 
1.88034e-35 0 6.38741 

===
SUMM = 5.16821
SQRT = 2.27337
CNT: 64
14.2232 
-2.65317e-16 
-1.26865e-16 
202.299 

3 3
-1 3.73076e-17 1.78392e-17 
3.73076e-17 1 -3.32768e-34 
1.78392e-17 -3.32768e-34 1 


3 3
-7.1116 -2.12788 -2.27337 
4.22166e-50 -5.10024 7.06524 
-1.20371e-35 -4.98896 3.98864 

===
0 
-12.2348 
-4.98896 
174.58 

3 3
-1 -3.91441e-17 -1.33354e-17 
3.73076e-17 -0.714862 -0.699266 
1.78392e-17 -0.699266 0.714862 


3 3
-7.1116 -2.12788 -2.27337 
8.4171e-36 7.13458 -7.83979 
-8.60484e-36 -4.33681e-19 -2.08915 

===
SUMM = 0.0188222
SQRT = 0.137194
CNT: 65
14.2232 
1.26318e-16 
-3.72688e-17 
202.299 

3 3
-1 -1.77623e-17 5.24056e-18 
-1.77623e-17 1 4.65423e-35 
5.24056e-18 4.65423e-35 1 


3 3
-7.1116 -3.11083 0.137194 
1.20371e-35 0.38186 -10.5933 
0 1.46087 -1.49346 

===
0 
1.89182 
1.46087 
5.71312 

3 3
-1 -5.78217e-19 1.85102e-17 
-1.77623e-17 -0.252895 -0.967494 
5.24056e-18 -0.967494 0.252895 


3 3
-7.1116 -3.11083 0.137194 
-3.04411e-36 -1.50996 4.12391 
-1.16458e-35 -5.42101e-20 9.8713 

===
SUMM = 9.26839
SQRT = 3.0444
CNT: 66
14.2232 
4.84319e-17 
5.17312e-17 
202.299 

3 3
-1 -6.81027e-18 -7.2742e-18 
-6.81027e-18 1 -2.47696e-35 
-7.2742e-18 -2.47696e-35 1 


3 3
-7.1116 -0.653977 -3.0444 
-1.28136e-51 -3.608 2.50379 
-3.00927e-36 -9.55042 2.4964 

===
0 
-13.8172 
-9.55042 
282.126 

3 3
-1 9.21158e-18 3.80007e-18 
-6.81027e-18 -0.353406 -0.93547 
-7.2742e-18 -0.93547 0.353406 


3 3
-7.1116 -0.653977 -3.0444 
2.81508e-36 10.2092 -3.22016 
-1.06349e-36 2.1684e-19 -1.45998 

===
SUMM = 0.215419
SQRT = 0.464133
CNT: 67
14.2232 
-4.61035e-17 
1.06202e-17 
202.299 

3 3
-1 6.48286e-18 -1.49336e-18 
6.48286e-18 1 4.84062e-36 
-1.49336e-18 4.84062e-36 1 


3 3
-7.1116 -3.07907 0.464133 
5.14082e-53 -0.595633 -10.6884 
0 1.36577 -0.515964 

===
0 
-2.08563 
1.36577 
6.21517 

3 3
-1 -3.9604e-18 5.34536e-18 
6.48286e-18 -0.399754 0.916622 
-1.49336e-18 0.916622 0.399754 


3 3
-7.1116 -3.07907 0.464133 
-2.05506e-53 1.49 3.79981 
4.71219e-53 -1.0842e-19 -10.0035 

===
SUMM = 6.95273
SQRT = 2.6368
CNT: 68
14.2232 
3.98498e-18 
1.49388e-17 
202.299 

3 3
-1 -5.6035e-19 -2.10063e-18 
-5.6035e-19 1 -5.88544e-37 
-2.10063e-18 -5.88544e-37 1 


3 3
-7.1116 -1.6563 2.6368 
-8.79218e-54 2.88735 2.88475 
0 -9.16945 -3.99895 

===
0 
12.5007 
-9.16945 
240.345 

3 3
-1 -1.83534e-18 -1.1654e-18 
-5.6035e-19 -0.30035 0.953829 
-2.10063e-18 0.953829 0.30035 


3 3
-7.1116 -1.6563 2.6368 
2.64073e-54 -9.61331 -4.68075 
-8.38623e-54 2.1684e-19 1.55048 

===
SUMM = 0.620737
SQRT = 0.787869
CNT: 69
14.2232 
1.52194e-17 
-3.25699e-18 
202.299 

3 3
-1 -2.14007e-18 4.57982e-19 
-2.14007e-18 1 4.90058e-37 
4.57982e-19 4.90058e-37 1 


3 3
-7.1116 -3.01253 0.787869 
-1.59611e-54 -1.57728 -10.5753 
0 1.47889 0.465686 

===
0 
-3.73944 
1.47889 
16.1706 

3 3
-1 1.87442e-18 -1.12969e-18 
-2.14007e-18 -0.729494 0.683988 
4.57982e-19 0.683988 0.729494 


3 3
-7.1116 -3.01253 0.787869 
1.16435e-54 2.16216 8.03315 
-1.09172e-54 2.1684e-19 -6.89367 

===
SUMM = 2.20757
SQRT = 1.48579
CNT: 70
14.2232 
-9.48149e-19 
-3.15718e-18 
202.299 

3 3
-1 1.33324e-19 4.43948e-19 
1.33324e-19 1 -2.95945e-38 
4.43948e-19 -2.95945e-38 1 


3 3
-7.1116 -2.73651 1.48579 
9.34352e-56 3.91729 7.33902 
-1.88079e-37 -4.71519 -5.02889 

===
0 
10.0474 
-4.71519 
123.183 

3 3
-1 2.56281e-19 3.86245e-19 
1.33324e-19 -0.639025 0.769186 
4.43948e-19 0.769186 0.639025 


3 3
-7.1116 -2.73651 1.48579 
-1.44668e-37 -6.1301 -8.55797 
-1.20187e-37 0 2.43148 

===
SUMM = 1.33502
SQRT = 1.15543
CNT: 71
14.2232 
-4.61658e-18 
1.07945e-18 
202.299 

3 3
-1 6.49163e-19 -1.51787e-19 
6.49163e-19 1 4.92674e-38 
-1.51787e-19 4.92674e-38 1 


3 3
-7.1116 -2.89155 1.15543 
5.31817e-56 -2.66538 -10.1839 
0 1.87026 1.55378 

===
0 
-5.92146 
1.87026 
38.5616 

3 3
-1 -6.18578e-19 2.48621e-19 
6.49163e-19 -0.818582 0.574389 
-1.51787e-19 0.574389 0.818582 


3 3
-7.1116 -2.89155 1.15543 
-4.35336e-56 3.25609 9.22887 
3.0547e-56 -2.1684e-19 -4.57765 

===
SUMM = 0.511309
SQRT = 0.715059
CNT: 72
14.2232 
7.12903e-19 
6.9483e-19 
202.299 

3 3
-1 -1.00245e-19 -9.77038e-20 
-1.00245e-19 1 -4.89717e-39 
-9.77038e-20 -4.89717e-39 1 


3 3
-7.1116 -3.03064 0.715059 
-4.70198e-38 2.63559 9.42486 
0 -2.62935 -3.74719 

===
0 
6.35847 
-2.62935 
47.3436 

3 3
-1 1.96281e-21 -1.39969e-19 
-1.00245e-19 -0.707944 0.706269 
-9.77038e-20 0.706269 0.707944 


3 3
-7.1116 -3.03064 0.715059 
3.32874e-38 -3.72288 -9.31879 
-3.32086e-38 0 4.00369 

===
SUMM = 2.67069
SQRT = 1.63422
CNT: 73
14.2232 
1.28368e-18 
-3.91175e-19 
202.299 

3 3
-1 -1.80505e-19 5.50053e-20 
-1.80505e-19 1 4.96437e-39 
5.50053e-20 4.96437e-39 1 


3 3
-7.1116 -2.65054 1.63422 
-1.94194e-57 -3.94598 -9.22653 
2.35099e-38 2.82768 2.83438 

===
0 
-8.80052 
2.82768 
85.4449 

3 3
-1 1.78762e-19 -6.04304e-20 
-1.80505e-19 -0.812844 0.582482 
5.50053e-20 0.582482 0.812844 


3 3
-7.1116 -2.65054 1.63422 
1.36941e-38 4.85454 9.1507 
1.91099e-38 -2.1684e-19 -3.07037 

===
SUMM = 0.0464508
SQRT = 0.215525
CNT: 74
14.2232 
-3.72933e-19 
-1.68887e-19 
202.299 

3 3
-1 5.24401e-20 2.37481e-20 
5.24401e-20 1 -6.22676e-40 
2.37481e-20 -6.22676e-40 1 


3 3
-7.1116 -3.10638 0.215525 
-2.35099e-38 1.38414 10.2658 
0 -1.78843 -2.49573 

===
0 
3.64562 
-1.78843 
16.4891 

3 3
-1 -1.33153e-20 5.60057e-20 
5.24401e-20 -0.612046 0.790822 
2.37481e-20 0.790822 0.612046 


3 3
-7.1116 -3.10638 0.215525 
1.43891e-38 -2.26149 -8.25681 
-1.85921e-38 -1.0842e-19 6.59089 

===
SUMM = 5.40416
SQRT = 2.32469
CNT: 75
14.2232 
-3.14676e-19 
1.56521e-19 
202.299 

3 3
-1 4.42483e-20 -2.20092e-20 
4.42483e-20 1 4.86936e-40 
-2.20092e-20 4.86936e-40 1 


3 3
-7.1116 -2.07169 2.32469 
7.62156e-59 -5.14553 -6.84198 
0 5.21222 4.03393 

===
0 
-12.4697 
5.21222 
182.661 

3 3
-1 -4.67489e-20 1.60267e-20 
4.42483e-20 -0.702539 0.711645 
-2.20092e-20 0.711645 0.702539 


3 3
-7.1116 -2.07169 2.32469 
-5.35444e-59 7.32419 7.67749 
5.42385e-59 -2.1684e-19 -2.03507 

===
SUMM = 0.0252406
SQRT = 0.158873
CNT: 76
14.2232 
1.55107e-19 
4.47903e-20 
202.299 

3 3
-1 -2.18104e-20 -6.29821e-21 
-2.18104e-20 1 -6.86833e-41 
-6.29821e-21 -6.86833e-41 1 


3 3
-7.1116 -3.1098 -0.158873 
-3.07635e-60 0.318118 10.606 
0 -1.44825 -1.42972 

===
0 
1.80089 
-1.44825 
5.34063 

3 3
-1 -1.47229e-21 -2.26538e-20 
-2.18104e-20 -0.214543 0.976715 
-6.29821e-21 0.976715 0.214543 


3 3
-7.1116 -3.1098 -0.158873 
6.60008e-61 -1.48277 -3.67186 
-3.00472e-60 1.89735e-19 10.0523 

===
SUMM = 9.43392
SQRT = 3.07147
CNT: 77
14.2232 
5.5466e-20 
-6.33113e-20 
202.299 

3 3
-1 -7.79938e-21 8.90254e-21 
-7.79938e-21 1 3.47171e-41 
8.90254e-21 3.47171e-41 1 


3 3
-7.1116 -0.512011 3.07147 
-2.19799e-60 -3.26824 -2.23602 
0 9.81819 2.15664 

===
0 
-13.6161 
9.81819 
281.795 

3 3
-1 1.09102e-20 -4.58841e-21 
-7.79938e-21 -0.315837 0.948813 
8.90254e-21 0.948813 0.315837 


3 3
-7.1116 -0.512011 3.07147 
6.94205e-61 10.3479 2.75247 
-2.08548e-60 6.50521e-19 -1.44042 

===
SUMM = 0.234527
SQRT = 0.48428
CNT: 78
14.2232 
-5.6203e-20 
-1.28234e-20 
202.299 

3 3
-1 7.903e-21 1.80316e-21 
7.903e-21 1 -7.1252e-42 
1.80316e-21 -7.1252e-42 1 


3 3
-7.1116 -3.07596 -0.48428 
9.1369e-62 -0.65666 10.6875 
7.34684e-40 -1.36669 -0.454937 

===
0 
-2.17292 
-1.36669 
6.5894 

3 3
-1 -5.04792e-21 -6.3425e-21 
7.903e-21 -0.43308 -0.901356 
1.80316e-21 -0.901356 0.43308 


3 3
-7.1116 -3.07596 -0.48428 
-6.62211e-40 1.51626 -4.21849 
3.18177e-40 0 -9.83028 

===
SUMM = 6.56796
SQRT = 2.5628
CNT: 79
14.2232 
4.37636e-21 
-1.77256e-20 
202.299 

3 3
-1 -6.15384e-22 2.49249e-21 
-6.15384e-22 1 7.66919e-43 
2.49249e-21 7.66919e-43 1 


3 3
-7.1116 -1.76865 -2.5628 
-1.35941e-62 3.1457 -3.19363 
0 8.86058 -4.2573 

===
0 
12.5481 
8.86058 
235.965 

3 3
-1 -2.14297e-21 1.41382e-21 
-6.15384e-22 -0.334563 -0.942373 
2.49249e-21 -0.942373 0.334563 


3 3
-7.1116 -1.76865 -2.5628 
4.54808e-63 -9.40241 5.08043 
1.28107e-62 -2.1684e-19 1.58526 

===
SUMM = 0.654975
SQRT = 0.809305
CNT: 80
14.2232 
1.8449e-20 
3.95124e-21 
202.299 
